X-ray (ID 01) / Crystal angle θ_c	X-ray (ID 01) / Impulse Imp
θ_c/°	Imp/# / s

3.0	629
3.1	650
3.2	617
3.3	478
3.4	412
3.5	322
3.6	260
3.7	221
3.8	195
3.9	185
4.0	162
4.1	159
4.2	144
4.3	121
4.4	115
4.5	100
4.6	111
4.7	103
4.8	119
4.9	118
5.0	114
5.1	119
5.2	108
5.3	128
5.4	166
5.5	238
5.6	254
5.7	127
5.8	134
5.9	158
6.0	233
6.1	466
6.2	710
6.3	580
6.4	175
6.5	151
6.6	150
6.7	143
6.8	140
6.9	150
7.0	159
7.1	153
7.2	158
7.3	174
7.4	160
7.5	163
7.6	158
7.7	158
7.8	154
7.9	151
8.0	176
8.1	224
8.2	280
8.3	287
8.4	280
8.5	264
8.6	279
8.7	286
8.8	297
8.9	272
9.0	276
9.1	271
9.2	263
9.3	265
9.4	280
9.5	272
9.6	289
9.7	251
9.8	257
9.9	257
10.0	250
10.1	261
10.2	277
10.3	262
10.4	225
10.5	236
10.6	255
10.7	261
10.8	235
10.9	222
11.0	261
11.1	274
11.2	248
11.3	222
11.4	224
11.5	218
11.6	203
11.7	223
11.8	211
11.9	194
12.0	200
12.1	185
12.2	215
12.3	218
12.4	384
12.5	393
12.6	267
12.7	182
12.8	165
12.9	178
13.0	171
13.1	173
13.2	158
13.3	136
13.4	158
13.5	157
13.6	148
13.7	156
13.8	157
13.9	137
14.0	126
14.1	134
14.2	120
14.3	120
14.4	123
14.5	117
14.6	131
14.7	140
14.8	125
14.9	103
15.0	117
15.1	107
15.2	100
15.3	108
15.4	95
15.5	91
15.6	116
15.7	100
15.8	84
15.9	99
16.0	118
16.1	102
16.2	103
16.3	104
16.4	113
16.5	103
16.6	111
16.7	131
16.8	123
16.9	121
17.0	108
17.1	105
17.2	94
17.3	116
17.4	104
17.5	95
17.6	115
17.7	126
17.8	116
17.9	114
18.0	111
18.1	107
18.2	116
18.3	108
18.4	113
18.5	113
18.6	123
18.7	124
18.8	146
18.9	169
19.0	125
19.1	97
19.2	110
19.3	111
19.4	96
19.5	104
19.6	105
19.7	107
19.8	93
19.9	101
20.0	112
20.1	100
20.2	105
20.3	112
20.4	93
20.5	105
20.6	109
20.7	105
20.8	95
20.9	104
21.0	112
21.1	112
21.2	93
21.3	98
21.4	110
21.5	99
21.6	105
21.7	103
21.8	90
21.9	101
22.0	101
22.1	88
22.2	91
22.3	111
22.4	112
22.5	112
22.6	95
22.7	108
22.8	111
22.9	86
23.0	104
23.1	111
23.2	92
23.3	93
23.4	96
23.5	103
23.6	99
23.7	98
23.8	92
23.9	97
24.0	95
24.1	97
24.2	100
24.3	91
24.4	98
24.5	108
24.6	99
24.7	92
24.8	110
24.9	98
25.0	92
25.1	100
25.2	90
25.3	101
25.4	118
25.5	112
25.6	98
25.7	122
25.8	100
25.9	93
26.0	103
26.1	92
26.2	110
26.3	92
26.4	105
26.5	101
26.6	96
26.7	100
26.8	99
26.9	98
27.0	100
27.1	107
27.2	95
27.3	94
27.4	110
27.5	105
27.6	95
27.7	93
27.8	114
27.9	101
28.0	96
28.1	108
28.2	88
28.3	95
28.4	105
28.5	106
28.6	103
28.7	95
28.8	113
28.9	95
29.0	89
29.1	93
29.2	103
29.3	102
29.4	83
29.5	100
29.6	102
29.7	105
29.8	98
29.9	95
30.0	109
30.1	103
30.2	104
30.3	108
30.4	107
30.5	99
30.6	102
30.7	111
30.8	101
30.9	95
31.0	94
31.1	96
31.2	103
31.3	90
31.4	101
31.5	86
31.6	109
31.7	97
31.8	103
31.9	99
32.0	97
32.1	84
32.2	95
32.3	99
32.4	85
32.5	106
32.6	100
32.7	95
32.8	103
32.9	101
33.0	114
33.1	96
33.2	99
33.3	105
33.4	94
33.5	92
33.6	100
33.7	112
33.8	98
33.9	100
34.0	98
34.1	104
34.2	105
34.3	94
34.4	103
34.5	89
34.6	104
34.7	92
34.8	110
34.9	84
35.0	99
35.1	86
35.2	97
35.3	98
35.4	106
35.5	89
35.6	90
35.7	106
35.8	100
35.9	100
36.0	107
36.1	101
36.2	90
36.3	108
36.4	102
36.5	93
36.6	93
36.7	93
36.8	96
36.9	97
37.0	106
37.1	91
37.2	97
37.3	99
37.4	100
37.5	101
37.6	90
37.7	94
37.8	92
37.9	97
38.0	81
38.1	93
38.2	106
38.3	96
38.4	106
38.5	106
38.6	103
38.7	91
38.8	101
38.9	96
39.0	106
39.1	104
39.2	88
39.3	92
39.4	92
39.5	94
39.6	87
39.7	91
39.8	105
39.9	94
40.0	92
40.1	88
40.2	92
40.3	86
40.4	102
40.5	87
40.6	84
40.7	100
40.8	108
40.9	89
41.0	95
41.1	109
41.2	93
41.3	95
41.4	100
41.5	100
41.6	81
41.7	93
41.8	103
41.9	84
42.0	99
42.1	92
42.2	96
42.3	96
42.4	97
42.5	100
42.6	103
42.7	101
42.8	94
42.9	96
43.0	104
43.1	93
43.2	100
43.3	113
43.4	92
43.5	92
43.6	76
43.7	100
43.8	93
43.9	82
44.0	99
44.1	101
44.2	101
44.3	100
44.4	87
44.5	94
44.6	101
44.7	96
44.8	101
44.9	91
45.0	86
45.1	97
45.2	98
45.3	104
45.4	108
45.5	76
45.6	88
45.7	95
45.8	107
45.9	100
46.0	95
46.1	94
46.2	91
46.3	91
46.4	99
46.5	102
46.6	93
46.7	93
46.8	97
46.9	97
47.0	104
47.1	104
47.2	91
47.3	95
47.4	78
47.5	91
47.6	96
47.7	102
47.8	102
47.9	99
48.0	103
48.1	93
48.2	106
48.3	94
48.4	100
48.5	99
48.6	97
48.7	100
48.8	100
48.9	91
49.0	100
49.1	98
49.2	102
49.3	100
49.4	97
49.5	108
49.6	106
49.7	103
49.8	86
49.9	87
50.0	89
50.1	104
50.2	103
50.3	103
50.4	101
50.5	93
50.6	102
50.7	101
50.8	99
50.9	96
51.0	93
51.1	102
51.2	95
51.3	102
51.4	100
51.5	80
51.6	105
51.7	98
51.8	99
51.9	92
52.0	99
52.1	97
52.2	89
52.3	90
52.4	93
52.5	92
52.6	100
52.7	93
52.8	101
52.9	90
53.0	97
53.1	89
53.2	92
53.3	90
53.4	103
53.5	83
53.6	92
53.7	97
53.8	90
53.9	103
54.0	90
54.1	100
54.2	95
54.3	82
54.4	91
54.5	100
54.6	87
54.7	103
54.8	101
54.9	102
55.0	101
55.1	100
55.2	102
55.3	97
55.4	108
55.5	88
55.6	98
55.7	93
55.8	88
55.9	89
56.0	106
56.1	104
56.2	97
56.3	91
56.4	94
56.5	103
56.6	79
56.7	99
56.8	104
56.9	100
57.0	95
57.1	105
57.2	94
57.3	93
57.4	96
57.5	87
57.6	105
57.7	90
57.8	97
57.9	85
58.0	110
58.1	98
58.2	110
58.3	88
58.4	99
58.5	88
58.6	91
58.7	92
58.8	87
58.9	96
59.0	93
59.1	95
59.2	83
59.3	90
59.4	95
59.5	100
59.6	91
59.7	95
59.8	99
59.9	94
60.0	89
