Time	X-ray (ID 01) / Impulse Imp	X-ray (ID 01) / Voltage U	X-ray (ID 01) / Current I	X-ray (ID 01) / Detector angle θ_d	X-ray (ID 01) / Crystal angle θ_c
t/s	Imp/# / s	U/kV	I/mA	θ_d/°	θ_c/°

0.00	48	35.0	1.00	10.0	5.0
2.00	74	35.0	1.00	10.2	5.1
4.00	106	35.0	1.00	10.4	5.2
6.00	130	35.0	1.00	10.6	5.3
8.00	157	35.0	1.00	10.8	5.4
10.00	159	35.0	1.00	11.0	5.5
12.00	174	35.0	1.00	11.2	5.6
14.00	189	35.0	1.00	11.4	5.7
16.00	193	35.0	1.00	11.6	5.8
18.00	203	35.0	1.00	11.8	5.9
20.00	221	35.0	1.00	12.0	6.0
22.00	239	35.0	1.00	12.2	6.1
24.00	230	35.0	1.00	12.4	6.2
26.00	258	35.0	1.00	12.6	6.3
28.00	258	35.0	1.00	12.8	6.4
30.00	265	35.0	1.00	13.0	6.5
32.00	278	35.0	1.00	13.2	6.6
34.00	297	35.0	1.00	13.4	6.7
36.00	290	35.0	1.00	13.6	6.8
38.00	307	35.0	1.00	13.8	6.9
40.00	293	35.0	1.00	14.0	7.0
42.00	305	35.0	1.00	14.2	7.1
44.00	303	35.0	1.00	14.4	7.2
46.00	304	35.0	1.00	14.6	7.3
48.00	300	35.0	1.00	14.8	7.4
50.00	307	35.0	1.00	15.0	7.5
52.00	306	35.0	1.00	15.2	7.6
54.00	336	35.0	1.00	15.4	7.7
56.00	338	35.0	1.00	15.6	7.8
58.00	316	35.0	1.00	15.8	7.9
60.00	317	35.0	1.00	16.0	8.0
62.00	313	35.0	1.00	16.2	8.1
64.00	316	35.0	1.00	16.4	8.2
66.00	331	35.0	1.00	16.6	8.3
68.00	345	35.0	1.00	16.8	8.4
70.00	377	35.0	1.00	17.0	8.5
72.00	372	35.0	1.00	17.2	8.6
74.00	382	35.0	1.00	17.4	8.7
76.00	399	35.0	1.00	17.6	8.8
78.00	422	35.0	1.00	17.8	8.9
80.00	690	35.0	1.00	18.0	9.0
82.00	1050	35.0	1.00	18.2	9.1
84.00	1162	35.0	1.00	18.4	9.2
86.00	759	35.0	1.00	18.6	9.3
88.00	517	35.0	1.00	18.8	9.4
90.00	475	35.0	1.00	19.0	9.5
92.00	440	35.0	1.00	19.2	9.6
94.00	445	35.0	1.00	19.4	9.7
96.00	466	35.0	1.00	19.6	9.8
98.00	462	35.0	1.00	19.8	9.9
100.00	500	35.0	1.00	20.0	10.0
102.00	851	35.0	1.00	20.2	10.1
104.00	2511	35.0	1.00	20.4	10.2
106.00	4092	35.0	1.00	20.6	10.3
108.00	3011	35.0	1.00	20.8	10.4
110.00	1204	35.0	1.00	21.0	10.5
112.00	622	35.0	1.00	21.2	10.6
114.00	497	35.0	1.00	21.4	10.7
116.00	481	35.0	1.00	21.6	10.8
118.00	498	35.0	1.00	21.8	10.9
120.00	444	35.0	1.00	22.0	11.0
122.00	455	35.0	1.00	22.2	11.1
124.00	474	35.0	1.00	22.4	11.2
126.00	494	35.0	1.00	22.6	11.3
128.00	463	35.0	1.00	22.8	11.4
130.00	464	35.0	1.00	23.0	11.5
132.00	455	35.0	1.00	23.2	11.6
134.00	492	35.0	1.00	23.4	11.7
136.00	448	35.0	1.00	23.6	11.8
138.00	458	35.0	1.00	23.8	11.9
140.00	461	35.0	1.00	24.0	12.0
142.00	446	35.0	1.00	24.2	12.1
144.00	477	35.0	1.00	24.4	12.2
146.00	471	35.0	1.00	24.6	12.3
148.00	437	35.0	1.00	24.8	12.4
150.00	436	35.0	1.00	25.0	12.5
152.00	463	35.0	1.00	25.2	12.6
154.00	472	35.0	1.00	25.4	12.7
156.00	458	35.0	1.00	25.6	12.8
158.00	459	35.0	1.00	25.8	12.9
160.00	450	35.0	1.00	26.0	13.0
162.00	453	35.0	1.00	26.2	13.1
164.00	449	35.0	1.00	26.4	13.2
166.00	413	35.0	1.00	26.6	13.3
168.00	406	35.0	1.00	26.8	13.4
170.00	381	35.0	1.00	27.0	13.5
172.00	392	35.0	1.00	27.2	13.6
174.00	378	35.0	1.00	27.4	13.7
176.00	400	35.0	1.00	27.6	13.8
178.00	382	35.0	1.00	27.8	13.9
180.00	385	35.0	1.00	28.0	14.0
182.00	411	35.0	1.00	28.2	14.1
184.00	383	35.0	1.00	28.4	14.2
186.00	366	35.0	1.00	28.6	14.3
188.00	358	35.0	1.00	28.8	14.4
190.00	345	35.0	1.00	29.0	14.5
192.00	342	35.0	1.00	29.2	14.6
194.00	353	35.0	1.00	29.4	14.7
196.00	353	35.0	1.00	29.6	14.8
198.00	349	35.0	1.00	29.8	14.9
200.00	342	35.0	1.00	30.0	15.0
202.00	339	35.0	1.00	30.2	15.1
204.00	363	35.0	1.00	30.4	15.2
206.00	348	35.0	1.00	30.6	15.3
208.00	339	35.0	1.00	30.8	15.4
210.00	359	35.0	1.00	31.0	15.5
212.00	343	35.0	1.00	31.2	15.6
214.00	318	35.0	1.00	31.4	15.7
216.00	319	35.0	1.00	31.6	15.8
218.00	324	35.0	1.00	31.8	15.9
220.00	313	35.0	1.00	32.0	16.0
222.00	329	35.0	1.00	32.2	16.1
224.00	316	35.0	1.00	32.4	16.2
226.00	301	35.0	1.00	32.6	16.3
228.00	326	35.0	1.00	32.8	16.4
230.00	313	35.0	1.00	33.0	16.5
232.00	293	35.0	1.00	33.2	16.6
234.00	320	35.0	1.00	33.4	16.7
236.00	299	35.0	1.00	33.6	16.8
238.00	308	35.0	1.00	33.8	16.9
240.00	281	35.0	1.00	34.0	17.0
242.00	284	35.0	1.00	34.2	17.1
244.00	275	35.0	1.00	34.4	17.2
246.00	299	35.0	1.00	34.6	17.3
248.00	281	35.0	1.00	34.8	17.4
250.00	281	35.0	1.00	35.0	17.5
252.00	274	35.0	1.00	35.2	17.6
254.00	252	35.0	1.00	35.4	17.7
256.00	266	35.0	1.00	35.6	17.8
258.00	292	35.0	1.00	35.8	17.9
260.00	274	35.0	1.00	36.0	18.0
262.00	276	35.0	1.00	36.2	18.1
264.00	262	35.0	1.00	36.4	18.2
266.00	325	35.0	1.00	36.6	18.3
268.00	341	35.0	1.00	36.8	18.4
270.00	304	35.0	1.00	37.0	18.5
272.00	261	35.0	1.00	37.2	18.6
274.00	234	35.0	1.00	37.4	18.7
276.00	241	35.0	1.00	37.6	18.8
278.00	252	35.0	1.00	37.8	18.9
280.00	242	35.0	1.00	38.0	19.0
282.00	227	35.0	1.00	38.2	19.1
284.00	231	35.0	1.00	38.4	19.2
286.00	225	35.0	1.00	38.6	19.3
288.00	226	35.0	1.00	38.8	19.4
290.00	228	35.0	1.00	39.0	19.5
292.00	217	35.0	1.00	39.2	19.6
294.00	216	35.0	1.00	39.4	19.7
296.00	224	35.0	1.00	39.6	19.8
298.00	214	35.0	1.00	39.8	19.9
300.00	216	35.0	1.00	40.0	20.0
302.00	200	35.0	1.00	40.2	20.1
304.00	202	35.0	1.00	40.4	20.2
306.00	208	35.0	1.00	40.6	20.3
308.00	209	35.0	1.00	40.8	20.4
310.00	218	35.0	1.00	41.0	20.5
312.00	432	35.0	1.00	41.2	20.6
314.00	745	35.0	1.00	41.4	20.7
316.00	775	35.0	1.00	41.6	20.8
318.00	494	35.0	1.00	41.8	20.9
320.00	246	35.0	1.00	42.0	21.0
322.00	191	35.0	1.00	42.2	21.1
324.00	185	35.0	1.00	42.4	21.2
326.00	189	35.0	1.00	42.6	21.3
328.00	157	35.0	1.00	42.8	21.4
330.00	161	35.0	1.00	43.0	21.5
332.00	167	35.0	1.00	43.2	21.6
334.00	180	35.0	1.00	43.4	21.7
336.00	159	35.0	1.00	43.6	21.8
338.00	143	35.0	1.00	43.8	21.9
340.00	150	35.0	1.00	44.0	22.0
342.00	143	35.0	1.00	44.2	22.1
344.00	153	35.0	1.00	44.4	22.2
346.00	141	35.0	1.00	44.6	22.3
348.00	138	35.0	1.00	44.8	22.4
350.00	135	35.0	1.00	45.0	22.5
352.00	128	35.0	1.00	45.2	22.6
354.00	132	35.0	1.00	45.4	22.7
356.00	138	35.0	1.00	45.6	22.8
358.00	127	35.0	1.00	45.8	22.9
360.00	126	35.0	1.00	46.0	23.0
362.00	137	35.0	1.00	46.2	23.1
364.00	118	35.0	1.00	46.4	23.2
366.00	120	35.0	1.00	46.6	23.3
368.00	116	35.0	1.00	46.8	23.4
370.00	102	35.0	1.00	47.0	23.5
372.00	107	35.0	1.00	47.2	23.6
374.00	118	35.0	1.00	47.4	23.7
376.00	117	35.0	1.00	47.6	23.8
378.00	109	35.0	1.00	47.8	23.9
380.00	105	35.0	1.00	48.0	24.0
382.00	118	35.0	1.00	48.2	24.1
384.00	99	35.0	1.00	48.4	24.2
386.00	92	35.0	1.00	48.6	24.3
388.00	100	35.0	1.00	48.8	24.4
390.00	99	35.0	1.00	49.0	24.5
392.00	93	35.0	1.00	49.2	24.6
394.00	86	35.0	1.00	49.4	24.7
396.00	86	35.0	1.00	49.6	24.8
398.00	86	35.0	1.00	49.8	24.9
400.00	80	35.0	1.00	50.0	25.0
402.00	82	35.0	1.00	50.2	25.1
404.00	86	35.0	1.00	50.4	25.2
406.00	69	35.0	1.00	50.6	25.3
408.00	74	35.0	1.00	50.8	25.4
410.00	83	35.0	1.00	51.0	25.5
412.00	80	35.0	1.00	51.2	25.6
414.00	83	35.0	1.00	51.4	25.7
416.00	74	35.0	1.00	51.6	25.8
418.00	71	35.0	1.00	51.8	25.9
420.00	77	35.0	1.00	52.0	26.0
422.00	73	35.0	1.00	52.2	26.1
424.00	74	35.0	1.00	52.4	26.2
426.00	70	35.0	1.00	52.6	26.3
428.00	61	35.0	1.00	52.8	26.4
430.00	61	35.0	1.00	53.0	26.5
432.00	74	35.0	1.00	53.2	26.6
434.00	63	35.0	1.00	53.4	26.7
436.00	68	35.0	1.00	53.6	26.8
438.00	71	35.0	1.00	53.8	26.9
440.00	62	35.0	1.00	54.0	27.0
442.00	70	35.0	1.00	54.2	27.1
444.00	69	35.0	1.00	54.4	27.2
446.00	50	35.0	1.00	54.6	27.3
448.00	61	35.0	1.00	54.8	27.4
450.00	63	35.0	1.00	55.0	27.5
452.00	51	35.0	1.00	55.2	27.6
454.00	56	35.0	1.00	55.4	27.7
456.00	53	35.0	1.00	55.6	27.8
458.00	57	35.0	1.00	55.8	27.9
460.00	56	35.0	1.00	56.0	28.0
462.00	69	35.0	1.00	56.2	28.1
464.00	62	35.0	1.00	56.4	28.2
466.00	63	35.0	1.00	56.6	28.3
468.00	60	35.0	1.00	56.8	28.4
470.00	47	35.0	1.00	57.0	28.5
472.00	50	35.0	1.00	57.2	28.6
474.00	48	35.0	1.00	57.4	28.7
476.00	53	35.0	1.00	57.6	28.8
478.00	52	35.0	1.00	57.8	28.9
480.00	53	35.0	1.00	58.0	29.0
482.00	42	35.0	1.00	58.2	29.1
484.00	43	35.0	1.00	58.4	29.2
486.00	46	35.0	1.00	58.6	29.3
488.00	50	35.0	1.00	58.8	29.4
490.00	44	35.0	1.00	59.0	29.5
492.00	32	35.0	1.00	59.2	29.6
494.00	49	35.0	1.00	59.4	29.7
496.00	50	35.0	1.00	59.6	29.8
498.00	56	35.0	1.00	59.8	29.9
500.00	42	35.0	1.00	60.0	30.0
502.00	49	35.0	1.00	60.2	30.1
504.00	46	35.0	1.00	60.4	30.2
506.00	49	35.0	1.00	60.6	30.3
508.00	38	35.0	1.00	60.8	30.4
510.00	47	35.0	1.00	61.0	30.5
512.00	40	35.0	1.00	61.2	30.6
514.00	43	35.0	1.00	61.4	30.7
516.00	39	35.0	1.00	61.6	30.8
518.00	42	35.0	1.00	61.8	30.9
520.00	40	35.0	1.00	62.0	31.0
522.00	47	35.0	1.00	62.2	31.1
524.00	33	35.0	1.00	62.4	31.2
526.00	37	35.0	1.00	62.6	31.3
528.00	41	35.0	1.00	62.8	31.4
530.00	45	35.0	1.00	63.0	31.5
532.00	38	35.0	1.00	63.2	31.6
534.00	48	35.0	1.00	63.4	31.7
536.00	49	35.0	1.00	63.6	31.8
538.00	82	35.0	1.00	63.8	31.9
540.00	111	35.0	1.00	64.0	32.0
542.00	93	35.0	1.00	64.2	32.1
544.00	91	35.0	1.00	64.4	32.2
546.00	61	35.0	1.00	64.6	32.3
548.00	46	35.0	1.00	64.8	32.4
550.00	39	35.0	1.00	65.0	32.5
552.00	48	35.0	1.00	65.2	32.6
554.00	38	35.0	1.00	65.4	32.7
556.00	34	35.0	1.00	65.6	32.8
558.00	45	35.0	1.00	65.8	32.9
560.00	35	35.0	1.00	66.0	33.0
562.00	40	35.0	1.00	66.2	33.1
564.00	40	35.0	1.00	66.4	33.2
566.00	37	35.0	1.00	66.6	33.3
568.00	38	35.0	1.00	66.8	33.4
570.00	29	35.0	1.00	67.0	33.5
572.00	38	35.0	1.00	67.2	33.6
574.00	38	35.0	1.00	67.4	33.7
576.00	35	35.0	1.00	67.6	33.8
578.00	32	35.0	1.00	67.8	33.9
580.00	29	35.0	1.00	68.0	34.0
582.00	44	35.0	1.00	68.2	34.1
584.00	33	35.0	1.00	68.4	34.2
586.00	28	35.0	1.00	68.6	34.3
588.00	35	35.0	1.00	68.8	34.4
590.00	37	35.0	1.00	69.0	34.5
592.00	28	35.0	1.00	69.2	34.6
594.00	36	35.0	1.00	69.4	34.7
596.00	35	35.0	1.00	69.6	34.8
598.00	33	35.0	1.00	69.8	34.9
600.00	37	35.0	1.00	70.0	35.0
602.00	38	35.0	1.00	70.2	35.1
604.00	33	35.0	1.00	70.4	35.2
606.00	34	35.0	1.00	70.6	35.3
608.00	29	35.0	1.00	70.8	35.4
610.00	24	35.0	1.00	71.0	35.5
612.00	28	35.0	1.00	71.2	35.6
614.00	33	35.0	1.00	71.4	35.7
616.00	33	35.0	1.00	71.6	35.8
618.00	31	35.0	1.00	71.8	35.9
620.00	27	35.0	1.00	72.0	36.0
622.00	25	35.0	1.00	72.2	36.1
624.00	27	35.0	1.00	72.4	36.2
626.00	36	35.0	1.00	72.6	36.3
628.00	29	35.0	1.00	72.8	36.4
630.00	24	35.0	1.00	73.0	36.5
632.00	29	35.0	1.00	73.2	36.6
634.00	28	35.0	1.00	73.4	36.7
636.00	30	35.0	1.00	73.6	36.8
638.00	27	35.0	1.00	73.8	36.9
640.00	33	35.0	1.00	74.0	37.0
642.00	19	35.0	1.00	74.2	37.1
644.00	25	35.0	1.00	74.4	37.2
646.00	26	35.0	1.00	74.6	37.3
648.00	28	35.0	1.00	74.8	37.4
650.00	34	35.0	1.00	75.0	37.5
652.00	27	35.0	1.00	75.2	37.6
654.00	24	35.0	1.00	75.4	37.7
656.00	30	35.0	1.00	75.6	37.8
658.00	23	35.0	1.00	75.8	37.9
660.00	23	35.0	1.00	76.0	38.0
662.00	27	35.0	1.00	76.2	38.1
664.00	26	35.0	1.00	76.4	38.2
666.00	19	35.0	1.00	76.6	38.3
668.00	30	35.0	1.00	76.8	38.4
670.00	33	35.0	1.00	77.0	38.5
672.00	24	35.0	1.00	77.2	38.6
674.00	28	35.0	1.00	77.4	38.7
676.00	17	35.0	1.00	77.6	38.8
678.00	25	35.0	1.00	77.8	38.9
680.00	29	35.0	1.00	78.0	39.0
682.00	29	35.0	1.00	78.2	39.1
684.00	26	35.0	1.00	78.4	39.2
686.00	26	35.0	1.00	78.6	39.3
688.00	28	35.0	1.00	78.8	39.4
690.00	25	35.0	1.00	79.0	39.5
692.00	26	35.0	1.00	79.2	39.6
694.00	22	35.0	1.00	79.4	39.7
696.00	29	35.0	1.00	79.6	39.8
698.00	22	35.0	1.00	79.8	39.9
700.00	25	35.0	1.00	80.0	40.0
702.00	25	35.0	1.00	80.2	40.1
704.00	23	35.0	1.00	80.4	40.2
706.00	25	35.0	1.00	80.6	40.3
708.00	28	35.0	1.00	80.8	40.4
710.00	23	35.0	1.00	81.0	40.5
712.00	23	35.0	1.00	81.2	40.6
714.00	28	35.0	1.00	81.4	40.7
716.00	18	35.0	1.00	81.6	40.8
718.00	19	35.0	1.00	81.8	40.9
720.00	26	35.0	1.00	82.0	41.0
722.00	14	35.0	1.00	82.2	41.1
724.00	24	35.0	1.00	82.4	41.2
726.00	23	35.0	1.00	82.6	41.3
728.00	23	35.0	1.00	82.8	41.4
730.00	26	35.0	1.00	83.0	41.5
732.00	25	35.0	1.00	83.2	41.6
734.00	24	35.0	1.00	83.4	41.7
736.00	21	35.0	1.00	83.6	41.8
738.00	24	35.0	1.00	83.8	41.9
740.00	20	35.0	1.00	84.0	42.0
742.00	24	35.0	1.00	84.2	42.1
744.00	19	35.0	1.00	84.4	42.2
746.00	17	35.0	1.00	84.6	42.3
748.00	18	35.0	1.00	84.8	42.4
750.00	25	35.0	1.00	85.0	42.5
752.00	20	35.0	1.00	85.2	42.6
754.00	24	35.0	1.00	85.4	42.7
756.00	28	35.0	1.00	85.6	42.8
758.00	19	35.0	1.00	85.8	42.9
760.00	22	35.0	1.00	86.0	43.0
762.00	18	35.0	1.00	86.2	43.1
764.00	19	35.0	1.00	86.4	43.2
766.00	8	35.0	1.00	86.6	43.3
768.00	18	35.0	1.00	86.8	43.4
770.00	22	35.0	1.00	87.0	43.5
772.00	17	35.0	1.00	87.2	43.6
774.00	23	35.0	1.00	87.4	43.7
776.00	17	35.0	1.00	87.6	43.8
778.00	20	35.0	1.00	87.8	43.9
780.00	25	35.0	1.00	88.0	44.0
782.00	15	35.0	1.00	88.2	44.1
784.00	22	35.0	1.00	88.4	44.2
786.00	21	35.0	1.00	88.6	44.3
788.00	19	35.0	1.00	88.8	44.4
790.00	21	35.0	1.00	89.0	44.5
792.00	21	35.0	1.00	89.2	44.6
794.00	22	35.0	1.00	89.4	44.7
796.00	29	35.0	1.00	89.6	44.8
798.00	39	35.0	1.00	89.8	44.9
800.00	24	35.0	1.00	90.0	45.0
802.00	21	35.0	1.00	90.2	45.1
804.00	32	35.0	1.00	90.4	45.2
806.00	29	35.0	1.00	90.6	45.3
808.00	21	35.0	1.00	90.8	45.4
810.00	25	35.0	1.00	91.0	45.5
812.00	19	35.0	1.00	91.2	45.6
814.00	17	35.0	1.00	91.4	45.7
816.00	15	35.0	1.00	91.6	45.8
818.00	13	35.0	1.00	91.8	45.9
820.00	22	35.0	1.00	92.0	46.0
822.00	19	35.0	1.00	92.2	46.1
824.00	23	35.0	1.00	92.4	46.2
826.00	18	35.0	1.00	92.6	46.3
828.00	18	35.0	1.00	92.8	46.4
830.00	17	35.0	1.00	93.0	46.5
832.00	20	35.0	1.00	93.2	46.6
834.00	25	35.0	1.00	93.4	46.7
836.00	15	35.0	1.00	93.6	46.8
838.00	21	35.0	1.00	93.8	46.9
840.00	17	35.0	1.00	94.0	47.0
842.00	16	35.0	1.00	94.2	47.1
844.00	21	35.0	1.00	94.4	47.2
846.00	16	35.0	1.00	94.6	47.3
848.00	19	35.0	1.00	94.8	47.4
850.00	18	35.0	1.00	95.0	47.5
852.00	20	35.0	1.00	95.2	47.6
854.00	15	35.0	1.00	95.4	47.7
856.00	13	35.0	1.00	95.6	47.8
858.00	14	35.0	1.00	95.8	47.9
860.00	18	35.0	1.00	96.0	48.0
862.00	15	35.0	1.00	96.2	48.1
864.00	18	35.0	1.00	96.4	48.2
866.00	18	35.0	1.00	96.6	48.3
868.00	13	35.0	1.00	96.8	48.4
870.00	17	35.0	1.00	97.0	48.5
872.00	13	35.0	1.00	97.2	48.6
874.00	18	35.0	1.00	97.4	48.7
876.00	18	35.0	1.00	97.6	48.8
878.00	14	35.0	1.00	97.8	48.9
880.00	15	35.0	1.00	98.0	49.0
882.00	16	35.0	1.00	98.2	49.1
884.00	20	35.0	1.00	98.4	49.2
886.00	12	35.0	1.00	98.6	49.3
888.00	18	35.0	1.00	98.8	49.4
890.00	18	35.0	1.00	99.0	49.5
892.00	15	35.0	1.00	99.2	49.6
894.00	15	35.0	1.00	99.4	49.7
896.00	14	35.0	1.00	99.6	49.8
898.00	15	35.0	1.00	99.8	49.9
900.00	13	35.0	1.00	100.0	50.0
902.00	18	35.0	1.00	100.2	50.1
904.00	20	35.0	1.00	100.4	50.2
906.00	18	35.0	1.00	100.6	50.3
908.00	19	35.0	1.00	100.8	50.4
910.00	14	35.0	1.00	101.0	50.5
912.00	19	35.0	1.00	101.2	50.6
914.00	16	35.0	1.00	101.4	50.7
916.00	16	35.0	1.00	101.6	50.8
918.00	17	35.0	1.00	101.8	50.9
920.00	15	35.0	1.00	102.0	51.0
922.00	20	35.0	1.00	102.2	51.1
924.00	14	35.0	1.00	102.4	51.2
926.00	12	35.0	1.00	102.6	51.3
928.00	15	35.0	1.00	102.8	51.4
930.00	12	35.0	1.00	103.0	51.5
932.00	11	35.0	1.00	103.2	51.6
934.00	13	35.0	1.00	103.4	51.7
936.00	20	35.0	1.00	103.6	51.8
938.00	20	35.0	1.00	103.8	51.9
940.00	15	35.0	1.00	104.0	52.0
942.00	15	35.0	1.00	104.2	52.1
944.00	19	35.0	1.00	104.4	52.2
946.00	16	35.0	1.00	104.6	52.3
948.00	15	35.0	1.00	104.8	52.4
950.00	14	35.0	1.00	105.0	52.5
952.00	13	35.0	1.00	105.2	52.6
954.00	16	35.0	1.00	105.4	52.7
956.00	14	35.0	1.00	105.6	52.8
958.00	21	35.0	1.00	105.8	52.9
960.00	14	35.0	1.00	106.0	53.0
962.00	13	35.0	1.00	106.2	53.1
964.00	19	35.0	1.00	106.4	53.2
966.00	13	35.0	1.00	106.6	53.3
968.00	12	35.0	1.00	106.8	53.4
970.00	14	35.0	1.00	107.0	53.5
972.00	15	35.0	1.00	107.2	53.6
974.00	11	35.0	1.00	107.4	53.7
976.00	17	35.0	1.00	107.6	53.8
978.00	14	35.0	1.00	107.8	53.9
980.00	12	35.0	1.00	108.0	54.0
982.00	17	35.0	1.00	108.2	54.1
984.00	18	35.0	1.00	108.4	54.2
986.00	21	35.0	1.00	108.6	54.3
988.00	11	35.0	1.00	108.8	54.4
990.00	23	35.0	1.00	109.0	54.5
992.00	19	35.0	1.00	109.2	54.6
994.00	10	35.0	1.00	109.4	54.7
996.00	11	35.0	1.00	109.6	54.8
998.00	10	35.0	1.00	109.8	54.9
1000.00	14	35.0	1.00	110.0	55.0
1002.00	14	35.0	1.00	110.2	55.1
1004.00	15	35.0	1.00	110.4	55.2
1006.00	14	35.0	1.00	110.6	55.3
1008.00	12	35.0	1.00	110.8	55.4
1010.00	16	35.0	1.00	111.0	55.5
1012.00	15	35.0	1.00	111.2	55.6
1014.00	11	35.0	1.00	111.4	55.7
1016.00	9	35.0	1.00	111.6	55.8
1018.00	14	35.0	1.00	111.8	55.9
1020.00	14	35.0	1.00	112.0	56.0
1022.00	14	35.0	1.00	112.2	56.1
1024.00	15	35.0	1.00	112.4	56.2
1026.00	17	35.0	1.00	112.6	56.3
1028.00	16	35.0	1.00	112.8	56.4
1030.00	20	35.0	1.00	113.0	56.5
1032.00	18	35.0	1.00	113.2	56.6
1034.00	12	35.0	1.00	113.4	56.7
1036.00	17	35.0	1.00	113.6	56.8
1038.00	14	35.0	1.00	113.8	56.9
1040.00	11	35.0	1.00	114.0	57.0
1042.00	13	35.0	1.00	114.2	57.1
1044.00	20	35.0	1.00	114.4	57.2
1046.00	16	35.0	1.00	114.6	57.3
1048.00	17	35.0	1.00	114.8	57.4
1050.00	15	35.0	1.00	115.0	57.5
1052.00	12	35.0	1.00	115.2	57.6
1054.00	16	35.0	1.00	115.4	57.7
1056.00	12	35.0	1.00	115.6	57.8
1058.00	19	35.0	1.00	115.8	57.9
1060.00	15	35.0	1.00	116.0	58.0
1062.00	18	35.0	1.00	116.2	58.1
1064.00	17	35.0	1.00	116.4	58.2
1066.00	17	35.0	1.00	116.6	58.3
1068.00	14	35.0	1.00	116.8	58.4
1070.00	20	35.0	1.00	117.0	58.5
1072.00	14	35.0	1.00	117.2	58.6
1074.00	13	35.0	1.00	117.4	58.7
1076.00	12	35.0	1.00	117.6	58.8
1078.00	13	35.0	1.00	117.8	58.9
1080.00	10	35.0	1.00	118.0	59.0
1082.00	16	35.0	1.00	118.2	59.1
1084.00	13	35.0	1.00	118.4	59.2
1086.00	11	35.0	1.00	118.6	59.3
1088.00	14	35.0	1.00	118.8	59.4
1090.00	18	35.0	1.00	119.0	59.5
1092.00	15	35.0	1.00	119.2	59.6
1094.00	15	35.0	1.00	119.4	59.7
1096.00	17	35.0	1.00	119.6	59.8
1098.00	11	35.0	1.00	119.8	59.9
1100.00	19	35.0	1.00	120.0	60.0
1102.00	19	35.0	1.00	120.2	60.1
1104.00	16	35.0	1.00	120.4	60.2
1106.00	17	35.0	1.00	120.6	60.3
1108.00	16	35.0	1.00	120.8	60.4
1110.00	15	35.0	1.00	121.0	60.5
1112.00	11	35.0	1.00	121.2	60.6
1114.00	13	35.0	1.00	121.4	60.7
1116.00	15	35.0	1.00	121.6	60.8
1118.00	18	35.0	1.00	121.8	60.9
1120.00	17	35.0	1.00	122.0	61.0
1122.00	12	35.0	1.00	122.2	61.1
1124.00	14	35.0	1.00	122.4	61.2
1126.00	14	35.0	1.00	122.6	61.3
1128.00	18	35.0	1.00	122.8	61.4
1130.00	22	35.0	1.00	123.0	61.5
1132.00	14	35.0	1.00	123.2	61.6
1134.00	28	35.0	1.00	123.4	61.7
1136.00	26	35.0	1.00	123.6	61.8
1138.00	16	35.0	1.00	123.8	61.9
1140.00	14	35.0	1.00	124.0	62.0
1142.00	16	35.0	1.00	124.2	62.1
1144.00	12	35.0	1.00	124.4	62.2
1146.00	17	35.0	1.00	124.6	62.3
1148.00	20	35.0	1.00	124.8	62.4
1150.00	23	35.0	1.00	125.0	62.5
1152.00	20	35.0	1.00	125.2	62.6
1154.00	17	35.0	1.00	125.4	62.7
1156.00	15	35.0	1.00	125.6	62.8
1158.00	13	35.0	1.00	125.8	62.9
1160.00	18	35.0	1.00	126.0	63.0
1162.00	18	35.0	1.00	126.2	63.1
1164.00	17	35.0	1.00	126.4	63.2
1166.00	12	35.0	1.00	126.6	63.3
1168.00	16	35.0	1.00	126.8	63.4
1170.00	12	35.0	1.00	127.0	63.5
1172.00	17	35.0	1.00	127.2	63.6
1174.00	13	35.0	1.00	127.4	63.7
1176.00	17	35.0	1.00	127.6	63.8
1178.00	15	35.0	1.00	127.8	63.9
1180.00	13	35.0	1.00	128.0	64.0
1182.00	15	35.0	1.00	128.2	64.1
1184.00	15	35.0	1.00	128.4	64.2
1186.00	15	35.0	1.00	128.6	64.3
1188.00	15	35.0	1.00	128.8	64.4
1190.00	21	35.0	1.00	129.0	64.5
1192.00	16	35.0	1.00	129.2	64.6
1194.00	15	35.0	1.00	129.4	64.7
1196.00	11	35.0	1.00	129.6	64.8
1198.00	19	35.0	1.00	129.8	64.9
1200.00	15	35.0	1.00	130.0	65.0
1202.00	15	35.0	1.00	130.2	65.1
1204.00	18	35.0	1.00	130.4	65.2
1206.00	16	35.0	1.00	130.6	65.3
1208.00	12	35.0	1.00	130.8	65.4
1210.00	17	35.0	1.00	131.0	65.5
1212.00	13	35.0	1.00	131.2	65.6
1214.00	12	35.0	1.00	131.4	65.7
1216.00	11	35.0	1.00	131.6	65.8
1218.00	14	35.0	1.00	131.8	65.9
1220.00	11	35.0	1.00	132.0	66.0
1222.00	12	35.0	1.00	132.2	66.1
1224.00	18	35.0	1.00	132.4	66.2
1226.00	16	35.0	1.00	132.6	66.3
1228.00	18	35.0	1.00	132.8	66.4
1230.00	19	35.0	1.00	133.0	66.5
1232.00	18	35.0	1.00	133.2	66.6
1234.00	9	35.0	1.00	133.4	66.7
1236.00	10	35.0	1.00	133.6	66.8
1238.00	19	35.0	1.00	133.8	66.9
1240.00	13	35.0	1.00	134.0	67.0
1242.00	12	35.0	1.00	134.2	67.1
1244.00	17	35.0	1.00	134.4	67.2
1246.00	18	35.0	1.00	134.6	67.3
1248.00	11	35.0	1.00	134.8	67.4
1250.00	11	35.0	1.00	135.0	67.5
1252.00	17	35.0	1.00	135.2	67.6
1254.00	14	35.0	1.00	135.4	67.7
1256.00	16	35.0	1.00	135.6	67.8
1258.00	19	35.0	1.00	135.8	67.9
1260.00	16	35.0	1.00	136.0	68.0
1262.00	17	35.0	1.00	136.2	68.1
1264.00	10	35.0	1.00	136.4	68.2
1266.00	15	35.0	1.00	136.6	68.3
1268.00	14	35.0	1.00	136.8	68.4
1270.00	12	35.0	1.00	137.0	68.5
1272.00	12	35.0	1.00	137.2	68.6
1274.00	14	35.0	1.00	137.4	68.7
1276.00	15	35.0	1.00	137.6	68.8
1278.00	14	35.0	1.00	137.8	68.9
1280.00	18	35.0	1.00	138.0	69.0
1282.00	16	35.0	1.00	138.2	69.1
1284.00	14	35.0	1.00	138.4	69.2
1286.00	15	35.0	1.00	138.6	69.3
1288.00	13	35.0	1.00	138.8	69.4
1290.00	17	35.0	1.00	139.0	69.5
1292.00	17	35.0	1.00	139.2	69.6
1294.00	17	35.0	1.00	139.4	69.7
1296.00	14	35.0	1.00	139.6	69.8
1298.00	12	35.0	1.00	139.8	69.9
1300.00	14	35.0	1.00	140.0	70.0
1302.00	13	35.0	1.00	140.2	70.1
1304.00	18	35.0	1.00	140.4	70.2
1306.00	16	35.0	1.00	140.6	70.3
1308.00	11	35.0	1.00	140.8	70.4
1310.00	12	35.0	1.00	141.0	70.5
1312.00	18	35.0	1.00	141.2	70.6
1314.00	25	35.0	1.00	141.4	70.7
1316.00	18	35.0	1.00	141.6	70.8
1318.00	16	35.0	1.00	141.8	70.9
1320.00	15	35.0	1.00	142.0	71.0
1322.00	10	35.0	1.00	142.2	71.1
1324.00	14	35.0	1.00	142.4	71.2
1326.00	22	35.0	1.00	142.6	71.3
1328.00	16	35.0	1.00	142.8	71.4
1330.00	13	35.0	1.00	143.0	71.5
1332.00	11	35.0	1.00	143.2	71.6
1334.00	16	35.0	1.00	143.4	71.7
1336.00	16	35.0	1.00	143.6	71.8
1338.00	12	35.0	1.00	143.8	71.9
1340.00	15	35.0	1.00	144.0	72.0
1342.00	17	35.0	1.00	144.2	72.1
1344.00	12	35.0	1.00	144.4	72.2
1346.00	20	35.0	1.00	144.6	72.3
1348.00	17	35.0	1.00	144.8	72.4
1350.00	18	35.0	1.00	145.0	72.5
1352.00	22	35.0	1.00	145.2	72.6
1354.00	15	35.0	1.00	145.4	72.7
1356.00	17	35.0	1.00	145.6	72.8
1358.00	13	35.0	1.00	145.8	72.9
1360.00	14	35.0	1.00	146.0	73.0
1362.00	15	35.0	1.00	146.2	73.1
1364.00	17	35.0	1.00	146.4	73.2
1366.00	15	35.0	1.00	146.6	73.3
1368.00	15	35.0	1.00	146.8	73.4
1370.00	17	35.0	1.00	147.0	73.5
1372.00	16	35.0	1.00	147.2	73.6
1374.00	16	35.0	1.00	147.4	73.7
1376.00	21	35.0	1.00	147.6	73.8
1378.00	15	35.0	1.00	147.8	73.9
1380.00	18	35.0	1.00	148.0	74.0
1382.00	18	35.0	1.00	148.2	74.1
1384.00	13	35.0	1.00	148.4	74.2
1386.00	15	35.0	1.00	148.6	74.3
1388.00	18	35.0	1.00	148.8	74.4
1390.00	18	35.0	1.00	149.0	74.5
1392.00	15	35.0	1.00	149.2	74.6
1394.00	16	35.0	1.00	149.4	74.7
1396.00	18	35.0	1.00	149.6	74.8
1398.00	15	35.0	1.00	149.8	74.9
1400.00	16	35.0	1.00	150.0	75.0
